164
1 96 960
1 160 960
1 224 960
1 288 960
1 320 928
1 352 896
1 320 864
1 288 832
1 224 832
1 160 832
1 320 800
1 352 768
1 320 736
1 288 704
1 224 704
1 160 704
1 96 704
1 96 736
1 96 768
1 96 800
1 96 832
1 96 864
1 96 896
1 96 928
5 448 704
5 448 736
5 448 768
5 448 800
5 448 832
5 448 864
5 448 896
5 448 928
5 448 960
5 512 960
5 576 960
5 640 960
5 672 928
5 704 896
5 672 864
5 640 832
5 576 832
5 512 832
5 608 800
5 640 768
5 672 736
5 704 704
0 800 704
0 800 736
0 800 768
0 800 800
0 800 832
0 800 864
0 800 896
0 800 928
0 800 960
0 864 960
0 928 960
0 992 960
0 992 928
0 992 896
0 992 864
0 992 832
0 992 800
0 992 768
0 992 736
0 992 704
0 864 832
0 928 832
1 1088 704
1 1152 704
1 1216 704
1 1280 704
1 1280 736
1 1280 768
1 1280 800
1 1280 832
1 1216 832
1 1152 832
1 1088 832
1 1088 864
1 1088 896
1 1088 928
1 1088 960
1 1152 960
1 1216 960
1 1280 960
5 1376 704
5 1376 736
5 1376 768
5 1376 800
5 1376 832
5 1376 864
5 1376 896
5 1376 928
5 1376 960
5 1376 1024
0 1472 960
0 1472 928
0 1472 896
0 1472 864
0 1472 832
0 1472 800
0 1472 768
0 1472 736
0 1472 704
0 1536 704
0 1600 704
0 1664 704
3 32 624
3 96 624
3 160 624
3 224 624
3 288 624
3 352 624
3 416 624
3 480 624
3 544 624
3 608 624
3 672 624
3 736 624
3 800 624
3 864 624
3 928 624
3 992 624
3 1056 624
3 1120 624
3 1184 624
3 1248 624
3 1312 624
3 1376 624
3 1440 624
3 1504 624
3 1568 624
3 1632 624
3 1696 624
3 1760 624
4 1888 560
4 1824 560
4 1760 560
4 1696 560
4 1632 560
4 1568 560
4 1504 560
4 1440 560
4 1376 560
4 1312 560
4 1248 560
4 1184 560
4 1120 560
4 1056 560
4 992 560
4 928 560
4 864 560
4 800 560
4 736 560
4 672 560
4 608 560
4 544 560
4 480 560
4 416 560
4 352 560
4 288 560
4 224 560
4 160 560
