87
4 896 944
4 832 960
4 768 976
4 704 992
4 640 992
4 576 976
4 544 944
4 512 912
4 480 880
4 448 848
4 480 816
4 512 784
4 544 752
4 576 720
4 608 688
4 640 656
4 672 624
4 704 592
4 736 560
4 768 528
4 800 496
4 832 464
4 864 432
4 896 464
4 928 496
4 960 528
4 992 560
4 1024 592
4 1056 624
4 1088 656
4 1120 688
4 1152 720
4 1184 752
4 1216 784
4 1248 816
4 960 960
4 1024 976
4 1088 992
4 1152 992
4 1216 976
4 1248 944
4 1280 912
4 1312 880
4 1280 848
1 576 912
1 640 912
1 736 912
1 800 912
1 864 912
1 928 912
1 992 912
1 1216 912
1 1152 912
1 1056 912
3 704 848
3 640 848
3 576 848
3 800 848
3 864 848
3 928 848
3 992 848
3 1184 848
3 1216 848
3 1152 848
3 1088 848
0 576 784
0 640 784
0 704 784
0 768 784
0 832 784
0 1152 784
0 1088 784
0 1024 784
0 960 784
5 640 720
5 704 720
5 768 720
5 896 720
5 960 720
5 1024 720
5 1088 720
2 864 656
2 864 624
2 864 592
2 864 560
2 864 528
2 864 496
