167
5 256 1008
5 320 1008
5 384 1008
5 448 1008
5 512 1008
5 576 1008
5 640 1008
5 704 1008
5 288 976
5 352 976
5 416 976
5 480 976
5 544 976
5 608 976
5 672 976
5 640 944
5 576 944
5 512 944
5 448 944
5 384 944
5 320 944
5 352 912
5 416 912
5 480 912
5 544 912
5 608 912
5 576 880
5 512 880
5 448 880
5 384 880
5 416 848
5 480 848
5 544 848
5 448 816
5 512 816
5 480 784
3 640 784
3 704 784
3 768 784
3 832 784
3 896 784
3 960 784
3 1024 784
3 1088 784
3 672 816
3 736 816
3 800 816
3 864 816
3 928 816
3 992 816
3 1056 816
3 704 848
3 768 848
3 832 848
3 896 848
3 960 848
3 1024 848
3 736 880
3 800 880
3 864 880
3 928 880
3 992 880
3 768 912
3 832 912
3 896 912
3 960 912
3 800 944
3 864 944
3 928 944
3 832 976
3 896 976
3 864 1008
4 1024 1008
4 1088 1008
4 1152 1008
4 1216 1008
4 1280 1008
4 1344 1008
4 1408 1008
4 1472 1008
4 1056 976
4 1120 976
4 1184 976
4 1248 976
4 1312 976
4 1376 976
4 1440 976
4 1088 944
4 1152 944
4 1216 944
4 1280 944
4 1344 944
4 1408 944
4 1120 912
4 1184 912
4 1248 912
4 1312 912
4 1376 912
4 1152 880
4 1216 880
4 1280 880
4 1344 880
4 1184 848
4 1248 848
4 1312 848
4 1216 816
4 1280 816
4 1248 784
0 32 544
0 64 576
0 96 608
0 128 640
0 160 672
0 192 640
0 224 608
0 256 576
0 288 544
0 320 576
0 352 608
0 384 640
0 416 672
0 448 640
0 480 608
0 512 576
0 544 544
0 576 576
0 608 608
0 640 640
0 672 672
0 704 640
0 736 608
0 768 576
3 800 544
2 832 576
2 864 608
2 896 640
2 928 672
2 960 640
2 992 608
2 1024 576
2 1056 544
2 1088 576
2 1120 608
2 1152 640
2 1184 672
2 1216 640
2 1248 608
2 1280 576
2 1312 544
2 1344 576
2 1376 608
2 1408 640
2 1440 672
2 1472 640
2 1504 608
2 1536 576
3 1568 544
0 1600 576
0 1632 608
0 1664 640
0 1696 672
0 1728 640
0 1760 608
0 1792 576
0 1824 544
0 1856 576
0 1888 608
