137
5 960 336
5 928 368
5 896 400
5 864 432
5 832 464
5 800 496
5 768 528
5 736 560
5 704 592
5 672 624
5 640 656
5 608 688
5 576 720
5 544 752
5 512 784
5 480 816
5 448 848
5 416 880
5 384 912
5 352 944
5 320 976
5 288 1008
5 992 368
5 1024 400
5 1056 432
5 1088 464
5 1120 496
5 1152 528
5 1184 560
5 1216 592
5 1248 624
5 1280 656
5 1312 688
5 1344 720
5 1376 752
5 1408 784
5 1440 816
5 1472 848
5 1504 880
5 1536 912
5 1568 944
5 1600 976
5 352 1008
5 416 1008
5 480 1008
5 544 1008
5 608 1008
5 672 1008
5 736 1008
5 800 1008
5 864 1008
5 928 1008
5 992 1008
5 1056 1008
5 1120 1008
5 1184 1008
5 1248 1008
5 1312 1008
5 1376 1008
5 1440 1008
5 1504 1008
5 1568 1008
5 1632 1008
5 960 976
5 960 944
5 960 912
5 960 848
5 960 816
5 960 784
5 960 752
5 960 720
5 960 688
5 960 400
5 960 432
5 960 464
5 960 496
5 960 528
5 960 560
5 960 656
5 960 624
5 896 848
5 832 848
5 768 848
5 640 848
5 576 848
5 512 848
5 1408 848
5 1344 848
5 1280 848
5 1024 848
5 1088 848
5 1152 848
5 704 784
5 768 784
5 640 784
5 576 784
5 1344 784
5 1280 784
5 1216 784
5 1152 784
5 1088 784
5 832 784
5 896 720
5 832 720
5 768 720
5 704 720
5 1024 720
5 1088 720
5 1152 720
5 1216 720
5 1216 656
5 1152 656
5 1088 656
5 704 656
5 768 656
5 832 656
5 960 592
5 896 592
5 832 592
5 1024 592
5 1088 592
5 1088 528
5 832 528
5 1120 976
5 1120 944
5 1120 896
5 800 976
5 800 944
5 800 896
5 1312 976
5 1312 944
5 1312 912
5 608 976
5 608 944
5 608 912
5 1440 944
5 480 944
